   1.8907143e+02   2.1093732e+02
   1.9238940e+02   2.0883819e+02
   1.9681336e+02   2.0568950e+02
   2.1119124e+02   1.9624344e+02
   2.2003917e+02   1.8050000e+02
   2.3109908e+02   1.6055831e+02
   2.4768894e+02   1.4586443e+02
   2.4990092e+02   1.3746793e+02
   2.4879493e+02   1.3431924e+02
   2.4879493e+02   1.2697230e+02
   2.4879493e+02   1.2592274e+02
   2.4990092e+02   1.2487318e+02
   2.6096083e+02   1.1857580e+02
   2.7533871e+02   9.7584548e+01
   2.7423272e+02   9.6534985e+01
   2.7423272e+02   9.6534985e+01
   2.6427880e+02   9.6534985e+01
   2.5211290e+02   1.0598105e+02
   2.5321889e+02   1.1017930e+02
   2.5321889e+02   1.3431924e+02
   2.4990092e+02   1.4796356e+02
   2.4105300e+02   1.6685569e+02
